name: drug-discovery
channels:
  - defaults
dependencies:
  - asttokens=3.0.0=py311haa95532_0
  - bzip2=1.0.8=h2bbff1b_6
  - ca-certificates=2025.9.9=haa95532_0
  - colorama=0.4.6=py311haa95532_0
  - comm=0.2.1=py311haa95532_0
  - debugpy=1.8.16=py311h885b0b7_0
  - decorator=5.2.1=py311haa95532_0
  - executing=2.2.1=py311haa95532_0
  - expat=2.7.1=h8ddb27b_0
  - ipykernel=6.30.1=py311haa95532_0
  - ipython=9.1.0=py311haa95532_0
  - ipython_pygments_lexers=1.1.1=py311haa95532_0
  - jedi=0.19.2=py311haa95532_0
  - jupyter_client=8.6.3=py311haa95532_0
  - jupyter_core=5.8.1=py311haa95532_0
  - libffi=3.4.4=hd77b12b_1
  - libsodium=1.0.20=h83e8143_0
  - libzlib=1.3.1=h02ab6af_0
  - matplotlib-inline=0.1.6=py311haa95532_0
  - nest-asyncio=1.6.0=py311haa95532_0
  - openssl=3.0.17=h35632f6_0
  - packaging=25.0=py311haa95532_0
  - parso=0.8.4=py311haa95532_0
  - pip=25.2=pyhc872135_0
  - platformdirs=4.3.7=py311haa95532_0
  - prompt-toolkit=3.0.43=py311haa95532_0
  - prompt_toolkit=3.0.43=hd3eb1b0_0
  - psutil=7.0.0=py311h02ab6af_0
  - pure_eval=0.2.3=py311haa95532_0
  - pygments=2.19.1=py311haa95532_0
  - python=3.11.13=h981015d_0
  - python-dateutil=2.9.0post0=py311haa95532_2
  - pywin32=311=py311h885b0b7_0
  - pyzmq=27.1.0=py311h7149c55_0
  - setuptools=78.1.1=py311haa95532_0
  - six=1.17.0=py311haa95532_0
  - sqlite=3.50.2=hda9a48d_1
  - stack_data=0.6.3=py311haa95532_0
  - tk=8.6.15=hf199647_0
  - tornado=6.5.1=py311h827c3e9_0
  - traitlets=5.14.3=py311haa95532_0
  - typing_extensions=4.15.0=py311haa95532_0
  - ucrt=10.0.22621.0=haa95532_0
  - vc=14.3=h2df5915_10
  - vc14_runtime=14.44.35208=h4927774_10
  - vs2015_runtime=14.44.35208=ha6b5a95_10
  - wcwidth=0.2.13=py311haa95532_0
  - wheel=0.45.1=py311haa95532_0
  - xz=5.6.4=h4754444_1
  - zeromq=4.3.5=h6c54ac7_1
  - zlib=1.3.1=h02ab6af_0
  - pip:
      - contourpy==1.3.3
      - cycler==0.12.1
      - fonttools==4.60.0
      - kiwisolver==1.4.9
      - matplotlib==3.10.6
      - numpy==2.3.3
      - pandas==2.3.2
      - pillow==11.3.0
      - pyparsing==3.2.4
      - pytz==2025.2
      - rdkit-pypi==2022.9.5
      - scipy==1.16.2
      - seaborn==0.13.2
      - tzdata==2025.2
prefix: D:\project\anaconda3\envs\drug-discovery
